{
 "cells": [
  {
   "cell_type": "code",
   "execution_count": 236,
   "metadata": {},
   "outputs": [],
   "source": [
    "import networkx as nx \n",
    "import matplotlib.pyplot as plt \n",
    "import numpy as np\n",
    "import pandas as pd"
   ]
  },
  {
   "cell_type": "code",
   "execution_count": 237,
   "metadata": {},
   "outputs": [],
   "source": [
    "coordinates_file = '../../Fieldwork/QGIS maps/SamplingSites.csv'\n",
    "threshold = 185 # max distance is between HM-C and HM-D at ~ 180\n",
    "threshold_times = 4"
   ]
  },
  {
   "cell_type": "code",
   "execution_count": 238,
   "metadata": {},
   "outputs": [],
   "source": [
    "coord_df = pd.read_csv(coordinates_file)[['field_1','Easting','Northing']]\n",
    "HM_coord_df = coord_df[coord_df['field_1'].str.contains(\"HM\")]\n",
    "HM_coord_array = HM_coord_df[['Easting','Northing']].to_numpy()\n",
    "# HM_coord_array"
   ]
  },
  {
   "cell_type": "code",
   "execution_count": 239,
   "metadata": {},
   "outputs": [
    {
     "data": {
      "text/html": [
       "<div>\n",
       "<style scoped>\n",
       "    .dataframe tbody tr th:only-of-type {\n",
       "        vertical-align: middle;\n",
       "    }\n",
       "\n",
       "    .dataframe tbody tr th {\n",
       "        vertical-align: top;\n",
       "    }\n",
       "\n",
       "    .dataframe thead th {\n",
       "        text-align: right;\n",
       "    }\n",
       "</style>\n",
       "<table border=\"1\" class=\"dataframe\">\n",
       "  <thead>\n",
       "    <tr style=\"text-align: right;\">\n",
       "      <th></th>\n",
       "      <th>0</th>\n",
       "      <th>1</th>\n",
       "      <th>2</th>\n",
       "      <th>3</th>\n",
       "      <th>4</th>\n",
       "      <th>5</th>\n",
       "      <th>6</th>\n",
       "      <th>7</th>\n",
       "      <th>8</th>\n",
       "    </tr>\n",
       "  </thead>\n",
       "  <tbody>\n",
       "    <tr>\n",
       "      <th>0</th>\n",
       "      <td>0.000000</td>\n",
       "      <td>422.946460</td>\n",
       "      <td>316.191533</td>\n",
       "      <td>239.487669</td>\n",
       "      <td>171.843540</td>\n",
       "      <td>11.003556</td>\n",
       "      <td>154.497746</td>\n",
       "      <td>277.507299</td>\n",
       "      <td>397.120900</td>\n",
       "    </tr>\n",
       "    <tr>\n",
       "      <th>1</th>\n",
       "      <td>422.946460</td>\n",
       "      <td>0.000000</td>\n",
       "      <td>121.384265</td>\n",
       "      <td>221.261640</td>\n",
       "      <td>401.378646</td>\n",
       "      <td>429.621507</td>\n",
       "      <td>289.337223</td>\n",
       "      <td>209.127721</td>\n",
       "      <td>176.328978</td>\n",
       "    </tr>\n",
       "    <tr>\n",
       "      <th>2</th>\n",
       "      <td>316.191533</td>\n",
       "      <td>121.384265</td>\n",
       "      <td>0.000000</td>\n",
       "      <td>99.878320</td>\n",
       "      <td>279.997425</td>\n",
       "      <td>324.173050</td>\n",
       "      <td>205.709633</td>\n",
       "      <td>179.401727</td>\n",
       "      <td>220.435700</td>\n",
       "    </tr>\n",
       "    <tr>\n",
       "      <th>3</th>\n",
       "      <td>239.487669</td>\n",
       "      <td>221.261640</td>\n",
       "      <td>99.878320</td>\n",
       "      <td>0.000000</td>\n",
       "      <td>180.135097</td>\n",
       "      <td>248.999835</td>\n",
       "      <td>174.801352</td>\n",
       "      <td>212.110817</td>\n",
       "      <td>292.055969</td>\n",
       "    </tr>\n",
       "    <tr>\n",
       "      <th>4</th>\n",
       "      <td>171.843540</td>\n",
       "      <td>401.378646</td>\n",
       "      <td>279.997425</td>\n",
       "      <td>180.135097</td>\n",
       "      <td>0.000000</td>\n",
       "      <td>182.353455</td>\n",
       "      <td>241.623764</td>\n",
       "      <td>342.169288</td>\n",
       "      <td>447.779806</td>\n",
       "    </tr>\n",
       "    <tr>\n",
       "      <th>5</th>\n",
       "      <td>11.003556</td>\n",
       "      <td>429.621507</td>\n",
       "      <td>324.173050</td>\n",
       "      <td>248.999835</td>\n",
       "      <td>182.353455</td>\n",
       "      <td>0.000000</td>\n",
       "      <td>157.224327</td>\n",
       "      <td>279.893525</td>\n",
       "      <td>399.587674</td>\n",
       "    </tr>\n",
       "    <tr>\n",
       "      <th>6</th>\n",
       "      <td>154.497746</td>\n",
       "      <td>289.337223</td>\n",
       "      <td>205.709633</td>\n",
       "      <td>174.801352</td>\n",
       "      <td>241.623764</td>\n",
       "      <td>157.224327</td>\n",
       "      <td>0.000000</td>\n",
       "      <td>123.058499</td>\n",
       "      <td>242.624636</td>\n",
       "    </tr>\n",
       "    <tr>\n",
       "      <th>7</th>\n",
       "      <td>277.507299</td>\n",
       "      <td>209.127721</td>\n",
       "      <td>179.401727</td>\n",
       "      <td>212.110817</td>\n",
       "      <td>342.169288</td>\n",
       "      <td>279.893525</td>\n",
       "      <td>123.058499</td>\n",
       "      <td>0.000000</td>\n",
       "      <td>119.695520</td>\n",
       "    </tr>\n",
       "    <tr>\n",
       "      <th>8</th>\n",
       "      <td>397.120900</td>\n",
       "      <td>176.328978</td>\n",
       "      <td>220.435700</td>\n",
       "      <td>292.055969</td>\n",
       "      <td>447.779806</td>\n",
       "      <td>399.587674</td>\n",
       "      <td>242.624636</td>\n",
       "      <td>119.695520</td>\n",
       "      <td>0.000000</td>\n",
       "    </tr>\n",
       "  </tbody>\n",
       "</table>\n",
       "</div>"
      ],
      "text/plain": [
       "            0           1           2           3           4           5  \\\n",
       "0    0.000000  422.946460  316.191533  239.487669  171.843540   11.003556   \n",
       "1  422.946460    0.000000  121.384265  221.261640  401.378646  429.621507   \n",
       "2  316.191533  121.384265    0.000000   99.878320  279.997425  324.173050   \n",
       "3  239.487669  221.261640   99.878320    0.000000  180.135097  248.999835   \n",
       "4  171.843540  401.378646  279.997425  180.135097    0.000000  182.353455   \n",
       "5   11.003556  429.621507  324.173050  248.999835  182.353455    0.000000   \n",
       "6  154.497746  289.337223  205.709633  174.801352  241.623764  157.224327   \n",
       "7  277.507299  209.127721  179.401727  212.110817  342.169288  279.893525   \n",
       "8  397.120900  176.328978  220.435700  292.055969  447.779806  399.587674   \n",
       "\n",
       "            6           7           8  \n",
       "0  154.497746  277.507299  397.120900  \n",
       "1  289.337223  209.127721  176.328978  \n",
       "2  205.709633  179.401727  220.435700  \n",
       "3  174.801352  212.110817  292.055969  \n",
       "4  241.623764  342.169288  447.779806  \n",
       "5  157.224327  279.893525  399.587674  \n",
       "6    0.000000  123.058499  242.624636  \n",
       "7  123.058499    0.000000  119.695520  \n",
       "8  242.624636  119.695520    0.000000  "
      ]
     },
     "execution_count": 239,
     "metadata": {},
     "output_type": "execute_result"
    }
   ],
   "source": [
    "HM_dist_matr = np.zeros((len(HM_coord_df),len(HM_coord_df)))\n",
    "for i in range(len(HM_coord_df)):\n",
    "    for j in range(len(HM_coord_df)):\n",
    "        HM_dist_matr[i,j] = np.linalg.norm(HM_coord_array[i,:]-HM_coord_array[j,:])\n",
    "pd.DataFrame(HM_dist_matr)"
   ]
  },
  {
   "cell_type": "code",
   "execution_count": 240,
   "metadata": {},
   "outputs": [],
   "source": [
    "def get_trunc_matr(array,fill=np.nan,keep_diagonal=False):\n",
    "    new_array = array.copy()\n",
    "    j = 0\n",
    "    if keep_diagonal: diag = 1\n",
    "    else: diag = 0\n",
    "\n",
    "    for i in range(len(new_array)-diag):\n",
    "        new_array[(i+diag):,j] = fill\n",
    "        j += 1\n",
    "    return new_array"
   ]
  },
  {
   "cell_type": "code",
   "execution_count": 241,
   "metadata": {},
   "outputs": [
    {
     "data": {
      "text/html": [
       "<div>\n",
       "<style scoped>\n",
       "    .dataframe tbody tr th:only-of-type {\n",
       "        vertical-align: middle;\n",
       "    }\n",
       "\n",
       "    .dataframe tbody tr th {\n",
       "        vertical-align: top;\n",
       "    }\n",
       "\n",
       "    .dataframe thead th {\n",
       "        text-align: right;\n",
       "    }\n",
       "</style>\n",
       "<table border=\"1\" class=\"dataframe\">\n",
       "  <thead>\n",
       "    <tr style=\"text-align: right;\">\n",
       "      <th></th>\n",
       "      <th>0</th>\n",
       "      <th>1</th>\n",
       "      <th>2</th>\n",
       "      <th>3</th>\n",
       "      <th>4</th>\n",
       "      <th>5</th>\n",
       "      <th>6</th>\n",
       "      <th>7</th>\n",
       "      <th>8</th>\n",
       "    </tr>\n",
       "  </thead>\n",
       "  <tbody>\n",
       "    <tr>\n",
       "      <th>0</th>\n",
       "      <td>0.000000</td>\n",
       "      <td>422.946460</td>\n",
       "      <td>316.191533</td>\n",
       "      <td>239.487669</td>\n",
       "      <td>171.843540</td>\n",
       "      <td>11.003556</td>\n",
       "      <td>154.497746</td>\n",
       "      <td>277.507299</td>\n",
       "      <td>397.120900</td>\n",
       "    </tr>\n",
       "    <tr>\n",
       "      <th>1</th>\n",
       "      <td>422.946460</td>\n",
       "      <td>0.000000</td>\n",
       "      <td>121.384265</td>\n",
       "      <td>221.261640</td>\n",
       "      <td>401.378646</td>\n",
       "      <td>429.621507</td>\n",
       "      <td>289.337223</td>\n",
       "      <td>209.127721</td>\n",
       "      <td>176.328978</td>\n",
       "    </tr>\n",
       "    <tr>\n",
       "      <th>2</th>\n",
       "      <td>316.191533</td>\n",
       "      <td>121.384265</td>\n",
       "      <td>0.000000</td>\n",
       "      <td>99.878320</td>\n",
       "      <td>279.997425</td>\n",
       "      <td>324.173050</td>\n",
       "      <td>205.709633</td>\n",
       "      <td>179.401727</td>\n",
       "      <td>220.435700</td>\n",
       "    </tr>\n",
       "    <tr>\n",
       "      <th>3</th>\n",
       "      <td>239.487669</td>\n",
       "      <td>221.261640</td>\n",
       "      <td>99.878320</td>\n",
       "      <td>0.000000</td>\n",
       "      <td>180.135097</td>\n",
       "      <td>248.999835</td>\n",
       "      <td>174.801352</td>\n",
       "      <td>212.110817</td>\n",
       "      <td>292.055969</td>\n",
       "    </tr>\n",
       "    <tr>\n",
       "      <th>4</th>\n",
       "      <td>171.843540</td>\n",
       "      <td>401.378646</td>\n",
       "      <td>279.997425</td>\n",
       "      <td>180.135097</td>\n",
       "      <td>0.000000</td>\n",
       "      <td>182.353455</td>\n",
       "      <td>241.623764</td>\n",
       "      <td>342.169288</td>\n",
       "      <td>447.779806</td>\n",
       "    </tr>\n",
       "    <tr>\n",
       "      <th>5</th>\n",
       "      <td>11.003556</td>\n",
       "      <td>429.621507</td>\n",
       "      <td>324.173050</td>\n",
       "      <td>248.999835</td>\n",
       "      <td>182.353455</td>\n",
       "      <td>0.000000</td>\n",
       "      <td>157.224327</td>\n",
       "      <td>279.893525</td>\n",
       "      <td>399.587674</td>\n",
       "    </tr>\n",
       "    <tr>\n",
       "      <th>6</th>\n",
       "      <td>154.497746</td>\n",
       "      <td>289.337223</td>\n",
       "      <td>205.709633</td>\n",
       "      <td>174.801352</td>\n",
       "      <td>241.623764</td>\n",
       "      <td>157.224327</td>\n",
       "      <td>0.000000</td>\n",
       "      <td>123.058499</td>\n",
       "      <td>242.624636</td>\n",
       "    </tr>\n",
       "    <tr>\n",
       "      <th>7</th>\n",
       "      <td>277.507299</td>\n",
       "      <td>209.127721</td>\n",
       "      <td>179.401727</td>\n",
       "      <td>212.110817</td>\n",
       "      <td>342.169288</td>\n",
       "      <td>279.893525</td>\n",
       "      <td>123.058499</td>\n",
       "      <td>0.000000</td>\n",
       "      <td>119.695520</td>\n",
       "    </tr>\n",
       "    <tr>\n",
       "      <th>8</th>\n",
       "      <td>397.120900</td>\n",
       "      <td>176.328978</td>\n",
       "      <td>220.435700</td>\n",
       "      <td>292.055969</td>\n",
       "      <td>447.779806</td>\n",
       "      <td>399.587674</td>\n",
       "      <td>242.624636</td>\n",
       "      <td>119.695520</td>\n",
       "      <td>0.000000</td>\n",
       "    </tr>\n",
       "  </tbody>\n",
       "</table>\n",
       "</div>"
      ],
      "text/plain": [
       "            0           1           2           3           4           5  \\\n",
       "0    0.000000  422.946460  316.191533  239.487669  171.843540   11.003556   \n",
       "1  422.946460    0.000000  121.384265  221.261640  401.378646  429.621507   \n",
       "2  316.191533  121.384265    0.000000   99.878320  279.997425  324.173050   \n",
       "3  239.487669  221.261640   99.878320    0.000000  180.135097  248.999835   \n",
       "4  171.843540  401.378646  279.997425  180.135097    0.000000  182.353455   \n",
       "5   11.003556  429.621507  324.173050  248.999835  182.353455    0.000000   \n",
       "6  154.497746  289.337223  205.709633  174.801352  241.623764  157.224327   \n",
       "7  277.507299  209.127721  179.401727  212.110817  342.169288  279.893525   \n",
       "8  397.120900  176.328978  220.435700  292.055969  447.779806  399.587674   \n",
       "\n",
       "            6           7           8  \n",
       "0  154.497746  277.507299  397.120900  \n",
       "1  289.337223  209.127721  176.328978  \n",
       "2  205.709633  179.401727  220.435700  \n",
       "3  174.801352  212.110817  292.055969  \n",
       "4  241.623764  342.169288  447.779806  \n",
       "5  157.224327  279.893525  399.587674  \n",
       "6    0.000000  123.058499  242.624636  \n",
       "7  123.058499    0.000000  119.695520  \n",
       "8  242.624636  119.695520    0.000000  "
      ]
     },
     "execution_count": 241,
     "metadata": {},
     "output_type": "execute_result"
    }
   ],
   "source": [
    "pd.DataFrame(HM_dist_matr)"
   ]
  },
  {
   "cell_type": "code",
   "execution_count": 242,
   "metadata": {},
   "outputs": [
    {
     "data": {
      "text/html": [
       "<div>\n",
       "<style scoped>\n",
       "    .dataframe tbody tr th:only-of-type {\n",
       "        vertical-align: middle;\n",
       "    }\n",
       "\n",
       "    .dataframe tbody tr th {\n",
       "        vertical-align: top;\n",
       "    }\n",
       "\n",
       "    .dataframe thead th {\n",
       "        text-align: right;\n",
       "    }\n",
       "</style>\n",
       "<table border=\"1\" class=\"dataframe\">\n",
       "  <thead>\n",
       "    <tr style=\"text-align: right;\">\n",
       "      <th></th>\n",
       "      <th>0</th>\n",
       "      <th>1</th>\n",
       "      <th>2</th>\n",
       "      <th>3</th>\n",
       "      <th>4</th>\n",
       "      <th>5</th>\n",
       "      <th>6</th>\n",
       "      <th>7</th>\n",
       "      <th>8</th>\n",
       "    </tr>\n",
       "  </thead>\n",
       "  <tbody>\n",
       "    <tr>\n",
       "      <th>0</th>\n",
       "      <td>0.0</td>\n",
       "      <td>422.94646</td>\n",
       "      <td>316.191533</td>\n",
       "      <td>239.487669</td>\n",
       "      <td>171.843540</td>\n",
       "      <td>11.003556</td>\n",
       "      <td>154.497746</td>\n",
       "      <td>277.507299</td>\n",
       "      <td>397.120900</td>\n",
       "    </tr>\n",
       "    <tr>\n",
       "      <th>1</th>\n",
       "      <td>0.0</td>\n",
       "      <td>0.00000</td>\n",
       "      <td>121.384265</td>\n",
       "      <td>221.261640</td>\n",
       "      <td>401.378646</td>\n",
       "      <td>429.621507</td>\n",
       "      <td>289.337223</td>\n",
       "      <td>209.127721</td>\n",
       "      <td>176.328978</td>\n",
       "    </tr>\n",
       "    <tr>\n",
       "      <th>2</th>\n",
       "      <td>0.0</td>\n",
       "      <td>0.00000</td>\n",
       "      <td>0.000000</td>\n",
       "      <td>99.878320</td>\n",
       "      <td>279.997425</td>\n",
       "      <td>324.173050</td>\n",
       "      <td>205.709633</td>\n",
       "      <td>179.401727</td>\n",
       "      <td>220.435700</td>\n",
       "    </tr>\n",
       "    <tr>\n",
       "      <th>3</th>\n",
       "      <td>0.0</td>\n",
       "      <td>0.00000</td>\n",
       "      <td>0.000000</td>\n",
       "      <td>0.000000</td>\n",
       "      <td>180.135097</td>\n",
       "      <td>248.999835</td>\n",
       "      <td>174.801352</td>\n",
       "      <td>212.110817</td>\n",
       "      <td>292.055969</td>\n",
       "    </tr>\n",
       "    <tr>\n",
       "      <th>4</th>\n",
       "      <td>0.0</td>\n",
       "      <td>0.00000</td>\n",
       "      <td>0.000000</td>\n",
       "      <td>0.000000</td>\n",
       "      <td>0.000000</td>\n",
       "      <td>182.353455</td>\n",
       "      <td>241.623764</td>\n",
       "      <td>342.169288</td>\n",
       "      <td>447.779806</td>\n",
       "    </tr>\n",
       "    <tr>\n",
       "      <th>5</th>\n",
       "      <td>0.0</td>\n",
       "      <td>0.00000</td>\n",
       "      <td>0.000000</td>\n",
       "      <td>0.000000</td>\n",
       "      <td>0.000000</td>\n",
       "      <td>0.000000</td>\n",
       "      <td>157.224327</td>\n",
       "      <td>279.893525</td>\n",
       "      <td>399.587674</td>\n",
       "    </tr>\n",
       "    <tr>\n",
       "      <th>6</th>\n",
       "      <td>0.0</td>\n",
       "      <td>0.00000</td>\n",
       "      <td>0.000000</td>\n",
       "      <td>0.000000</td>\n",
       "      <td>0.000000</td>\n",
       "      <td>0.000000</td>\n",
       "      <td>0.000000</td>\n",
       "      <td>123.058499</td>\n",
       "      <td>242.624636</td>\n",
       "    </tr>\n",
       "    <tr>\n",
       "      <th>7</th>\n",
       "      <td>0.0</td>\n",
       "      <td>0.00000</td>\n",
       "      <td>0.000000</td>\n",
       "      <td>0.000000</td>\n",
       "      <td>0.000000</td>\n",
       "      <td>0.000000</td>\n",
       "      <td>0.000000</td>\n",
       "      <td>0.000000</td>\n",
       "      <td>119.695520</td>\n",
       "    </tr>\n",
       "    <tr>\n",
       "      <th>8</th>\n",
       "      <td>0.0</td>\n",
       "      <td>0.00000</td>\n",
       "      <td>0.000000</td>\n",
       "      <td>0.000000</td>\n",
       "      <td>0.000000</td>\n",
       "      <td>0.000000</td>\n",
       "      <td>0.000000</td>\n",
       "      <td>0.000000</td>\n",
       "      <td>0.000000</td>\n",
       "    </tr>\n",
       "  </tbody>\n",
       "</table>\n",
       "</div>"
      ],
      "text/plain": [
       "     0          1           2           3           4           5           6  \\\n",
       "0  0.0  422.94646  316.191533  239.487669  171.843540   11.003556  154.497746   \n",
       "1  0.0    0.00000  121.384265  221.261640  401.378646  429.621507  289.337223   \n",
       "2  0.0    0.00000    0.000000   99.878320  279.997425  324.173050  205.709633   \n",
       "3  0.0    0.00000    0.000000    0.000000  180.135097  248.999835  174.801352   \n",
       "4  0.0    0.00000    0.000000    0.000000    0.000000  182.353455  241.623764   \n",
       "5  0.0    0.00000    0.000000    0.000000    0.000000    0.000000  157.224327   \n",
       "6  0.0    0.00000    0.000000    0.000000    0.000000    0.000000    0.000000   \n",
       "7  0.0    0.00000    0.000000    0.000000    0.000000    0.000000    0.000000   \n",
       "8  0.0    0.00000    0.000000    0.000000    0.000000    0.000000    0.000000   \n",
       "\n",
       "            7           8  \n",
       "0  277.507299  397.120900  \n",
       "1  209.127721  176.328978  \n",
       "2  179.401727  220.435700  \n",
       "3  212.110817  292.055969  \n",
       "4  342.169288  447.779806  \n",
       "5  279.893525  399.587674  \n",
       "6  123.058499  242.624636  \n",
       "7    0.000000  119.695520  \n",
       "8    0.000000    0.000000  "
      ]
     },
     "execution_count": 242,
     "metadata": {},
     "output_type": "execute_result"
    }
   ],
   "source": [
    "HM_dist_matr_trunc = get_trunc_matr(HM_dist_matr,keep_diagonal=0,fill=0)\n",
    "pd.DataFrame(HM_dist_matr_trunc)"
   ]
  },
  {
   "cell_type": "code",
   "execution_count": 243,
   "metadata": {},
   "outputs": [
    {
     "data": {
      "text/html": [
       "<div>\n",
       "<style scoped>\n",
       "    .dataframe tbody tr th:only-of-type {\n",
       "        vertical-align: middle;\n",
       "    }\n",
       "\n",
       "    .dataframe tbody tr th {\n",
       "        vertical-align: top;\n",
       "    }\n",
       "\n",
       "    .dataframe thead th {\n",
       "        text-align: right;\n",
       "    }\n",
       "</style>\n",
       "<table border=\"1\" class=\"dataframe\">\n",
       "  <thead>\n",
       "    <tr style=\"text-align: right;\">\n",
       "      <th></th>\n",
       "      <th>0</th>\n",
       "      <th>1</th>\n",
       "      <th>2</th>\n",
       "      <th>3</th>\n",
       "      <th>4</th>\n",
       "      <th>5</th>\n",
       "      <th>6</th>\n",
       "      <th>7</th>\n",
       "      <th>8</th>\n",
       "    </tr>\n",
       "  </thead>\n",
       "  <tbody>\n",
       "    <tr>\n",
       "      <th>0</th>\n",
       "      <td>0.000000</td>\n",
       "      <td>422.946460</td>\n",
       "      <td>316.191533</td>\n",
       "      <td>239.487669</td>\n",
       "      <td>171.843540</td>\n",
       "      <td>11.003556</td>\n",
       "      <td>154.497746</td>\n",
       "      <td>277.507299</td>\n",
       "      <td>397.120900</td>\n",
       "    </tr>\n",
       "    <tr>\n",
       "      <th>1</th>\n",
       "      <td>422.946460</td>\n",
       "      <td>0.000000</td>\n",
       "      <td>121.384265</td>\n",
       "      <td>221.261640</td>\n",
       "      <td>401.378646</td>\n",
       "      <td>429.621507</td>\n",
       "      <td>289.337223</td>\n",
       "      <td>209.127721</td>\n",
       "      <td>176.328978</td>\n",
       "    </tr>\n",
       "    <tr>\n",
       "      <th>2</th>\n",
       "      <td>316.191533</td>\n",
       "      <td>121.384265</td>\n",
       "      <td>0.000000</td>\n",
       "      <td>99.878320</td>\n",
       "      <td>279.997425</td>\n",
       "      <td>324.173050</td>\n",
       "      <td>205.709633</td>\n",
       "      <td>179.401727</td>\n",
       "      <td>220.435700</td>\n",
       "    </tr>\n",
       "    <tr>\n",
       "      <th>3</th>\n",
       "      <td>239.487669</td>\n",
       "      <td>221.261640</td>\n",
       "      <td>99.878320</td>\n",
       "      <td>0.000000</td>\n",
       "      <td>180.135097</td>\n",
       "      <td>248.999835</td>\n",
       "      <td>174.801352</td>\n",
       "      <td>212.110817</td>\n",
       "      <td>292.055969</td>\n",
       "    </tr>\n",
       "    <tr>\n",
       "      <th>4</th>\n",
       "      <td>171.843540</td>\n",
       "      <td>401.378646</td>\n",
       "      <td>279.997425</td>\n",
       "      <td>180.135097</td>\n",
       "      <td>0.000000</td>\n",
       "      <td>182.353455</td>\n",
       "      <td>241.623764</td>\n",
       "      <td>342.169288</td>\n",
       "      <td>447.779806</td>\n",
       "    </tr>\n",
       "    <tr>\n",
       "      <th>5</th>\n",
       "      <td>11.003556</td>\n",
       "      <td>429.621507</td>\n",
       "      <td>324.173050</td>\n",
       "      <td>248.999835</td>\n",
       "      <td>182.353455</td>\n",
       "      <td>0.000000</td>\n",
       "      <td>157.224327</td>\n",
       "      <td>279.893525</td>\n",
       "      <td>399.587674</td>\n",
       "    </tr>\n",
       "    <tr>\n",
       "      <th>6</th>\n",
       "      <td>154.497746</td>\n",
       "      <td>289.337223</td>\n",
       "      <td>205.709633</td>\n",
       "      <td>174.801352</td>\n",
       "      <td>241.623764</td>\n",
       "      <td>157.224327</td>\n",
       "      <td>0.000000</td>\n",
       "      <td>123.058499</td>\n",
       "      <td>242.624636</td>\n",
       "    </tr>\n",
       "    <tr>\n",
       "      <th>7</th>\n",
       "      <td>277.507299</td>\n",
       "      <td>209.127721</td>\n",
       "      <td>179.401727</td>\n",
       "      <td>212.110817</td>\n",
       "      <td>342.169288</td>\n",
       "      <td>279.893525</td>\n",
       "      <td>123.058499</td>\n",
       "      <td>0.000000</td>\n",
       "      <td>119.695520</td>\n",
       "    </tr>\n",
       "    <tr>\n",
       "      <th>8</th>\n",
       "      <td>397.120900</td>\n",
       "      <td>176.328978</td>\n",
       "      <td>220.435700</td>\n",
       "      <td>292.055969</td>\n",
       "      <td>447.779806</td>\n",
       "      <td>399.587674</td>\n",
       "      <td>242.624636</td>\n",
       "      <td>119.695520</td>\n",
       "      <td>0.000000</td>\n",
       "    </tr>\n",
       "  </tbody>\n",
       "</table>\n",
       "</div>"
      ],
      "text/plain": [
       "            0           1           2           3           4           5  \\\n",
       "0    0.000000  422.946460  316.191533  239.487669  171.843540   11.003556   \n",
       "1  422.946460    0.000000  121.384265  221.261640  401.378646  429.621507   \n",
       "2  316.191533  121.384265    0.000000   99.878320  279.997425  324.173050   \n",
       "3  239.487669  221.261640   99.878320    0.000000  180.135097  248.999835   \n",
       "4  171.843540  401.378646  279.997425  180.135097    0.000000  182.353455   \n",
       "5   11.003556  429.621507  324.173050  248.999835  182.353455    0.000000   \n",
       "6  154.497746  289.337223  205.709633  174.801352  241.623764  157.224327   \n",
       "7  277.507299  209.127721  179.401727  212.110817  342.169288  279.893525   \n",
       "8  397.120900  176.328978  220.435700  292.055969  447.779806  399.587674   \n",
       "\n",
       "            6           7           8  \n",
       "0  154.497746  277.507299  397.120900  \n",
       "1  289.337223  209.127721  176.328978  \n",
       "2  205.709633  179.401727  220.435700  \n",
       "3  174.801352  212.110817  292.055969  \n",
       "4  241.623764  342.169288  447.779806  \n",
       "5  157.224327  279.893525  399.587674  \n",
       "6    0.000000  123.058499  242.624636  \n",
       "7  123.058499    0.000000  119.695520  \n",
       "8  242.624636  119.695520    0.000000  "
      ]
     },
     "execution_count": 243,
     "metadata": {},
     "output_type": "execute_result"
    }
   ],
   "source": [
    "pd.DataFrame(HM_dist_matr)"
   ]
  },
  {
   "cell_type": "code",
   "execution_count": 244,
   "metadata": {},
   "outputs": [
    {
     "data": {
      "text/html": [
       "<div>\n",
       "<style scoped>\n",
       "    .dataframe tbody tr th:only-of-type {\n",
       "        vertical-align: middle;\n",
       "    }\n",
       "\n",
       "    .dataframe tbody tr th {\n",
       "        vertical-align: top;\n",
       "    }\n",
       "\n",
       "    .dataframe thead th {\n",
       "        text-align: right;\n",
       "    }\n",
       "</style>\n",
       "<table border=\"1\" class=\"dataframe\">\n",
       "  <thead>\n",
       "    <tr style=\"text-align: right;\">\n",
       "      <th></th>\n",
       "      <th>0</th>\n",
       "      <th>1</th>\n",
       "      <th>2</th>\n",
       "      <th>3</th>\n",
       "      <th>4</th>\n",
       "      <th>5</th>\n",
       "      <th>6</th>\n",
       "      <th>7</th>\n",
       "      <th>8</th>\n",
       "    </tr>\n",
       "  </thead>\n",
       "  <tbody>\n",
       "    <tr>\n",
       "      <th>0</th>\n",
       "      <td>0.0</td>\n",
       "      <td>740.0</td>\n",
       "      <td>740.000000</td>\n",
       "      <td>740.00000</td>\n",
       "      <td>171.843540</td>\n",
       "      <td>11.003556</td>\n",
       "      <td>154.497746</td>\n",
       "      <td>740.000000</td>\n",
       "      <td>740.000000</td>\n",
       "    </tr>\n",
       "    <tr>\n",
       "      <th>1</th>\n",
       "      <td>0.0</td>\n",
       "      <td>0.0</td>\n",
       "      <td>121.384265</td>\n",
       "      <td>740.00000</td>\n",
       "      <td>740.000000</td>\n",
       "      <td>740.000000</td>\n",
       "      <td>740.000000</td>\n",
       "      <td>740.000000</td>\n",
       "      <td>176.328978</td>\n",
       "    </tr>\n",
       "    <tr>\n",
       "      <th>2</th>\n",
       "      <td>0.0</td>\n",
       "      <td>0.0</td>\n",
       "      <td>0.000000</td>\n",
       "      <td>99.87832</td>\n",
       "      <td>740.000000</td>\n",
       "      <td>740.000000</td>\n",
       "      <td>740.000000</td>\n",
       "      <td>179.401727</td>\n",
       "      <td>740.000000</td>\n",
       "    </tr>\n",
       "    <tr>\n",
       "      <th>3</th>\n",
       "      <td>0.0</td>\n",
       "      <td>0.0</td>\n",
       "      <td>0.000000</td>\n",
       "      <td>0.00000</td>\n",
       "      <td>180.135097</td>\n",
       "      <td>740.000000</td>\n",
       "      <td>174.801352</td>\n",
       "      <td>740.000000</td>\n",
       "      <td>740.000000</td>\n",
       "    </tr>\n",
       "    <tr>\n",
       "      <th>4</th>\n",
       "      <td>0.0</td>\n",
       "      <td>0.0</td>\n",
       "      <td>0.000000</td>\n",
       "      <td>0.00000</td>\n",
       "      <td>0.000000</td>\n",
       "      <td>182.353455</td>\n",
       "      <td>740.000000</td>\n",
       "      <td>740.000000</td>\n",
       "      <td>740.000000</td>\n",
       "    </tr>\n",
       "    <tr>\n",
       "      <th>5</th>\n",
       "      <td>0.0</td>\n",
       "      <td>0.0</td>\n",
       "      <td>0.000000</td>\n",
       "      <td>0.00000</td>\n",
       "      <td>0.000000</td>\n",
       "      <td>0.000000</td>\n",
       "      <td>157.224327</td>\n",
       "      <td>740.000000</td>\n",
       "      <td>740.000000</td>\n",
       "    </tr>\n",
       "    <tr>\n",
       "      <th>6</th>\n",
       "      <td>0.0</td>\n",
       "      <td>0.0</td>\n",
       "      <td>0.000000</td>\n",
       "      <td>0.00000</td>\n",
       "      <td>0.000000</td>\n",
       "      <td>0.000000</td>\n",
       "      <td>0.000000</td>\n",
       "      <td>123.058499</td>\n",
       "      <td>740.000000</td>\n",
       "    </tr>\n",
       "    <tr>\n",
       "      <th>7</th>\n",
       "      <td>0.0</td>\n",
       "      <td>0.0</td>\n",
       "      <td>0.000000</td>\n",
       "      <td>0.00000</td>\n",
       "      <td>0.000000</td>\n",
       "      <td>0.000000</td>\n",
       "      <td>0.000000</td>\n",
       "      <td>0.000000</td>\n",
       "      <td>119.695520</td>\n",
       "    </tr>\n",
       "    <tr>\n",
       "      <th>8</th>\n",
       "      <td>0.0</td>\n",
       "      <td>0.0</td>\n",
       "      <td>0.000000</td>\n",
       "      <td>0.00000</td>\n",
       "      <td>0.000000</td>\n",
       "      <td>0.000000</td>\n",
       "      <td>0.000000</td>\n",
       "      <td>0.000000</td>\n",
       "      <td>0.000000</td>\n",
       "    </tr>\n",
       "  </tbody>\n",
       "</table>\n",
       "</div>"
      ],
      "text/plain": [
       "     0      1           2          3           4           5           6  \\\n",
       "0  0.0  740.0  740.000000  740.00000  171.843540   11.003556  154.497746   \n",
       "1  0.0    0.0  121.384265  740.00000  740.000000  740.000000  740.000000   \n",
       "2  0.0    0.0    0.000000   99.87832  740.000000  740.000000  740.000000   \n",
       "3  0.0    0.0    0.000000    0.00000  180.135097  740.000000  174.801352   \n",
       "4  0.0    0.0    0.000000    0.00000    0.000000  182.353455  740.000000   \n",
       "5  0.0    0.0    0.000000    0.00000    0.000000    0.000000  157.224327   \n",
       "6  0.0    0.0    0.000000    0.00000    0.000000    0.000000    0.000000   \n",
       "7  0.0    0.0    0.000000    0.00000    0.000000    0.000000    0.000000   \n",
       "8  0.0    0.0    0.000000    0.00000    0.000000    0.000000    0.000000   \n",
       "\n",
       "            7           8  \n",
       "0  740.000000  740.000000  \n",
       "1  740.000000  176.328978  \n",
       "2  179.401727  740.000000  \n",
       "3  740.000000  740.000000  \n",
       "4  740.000000  740.000000  \n",
       "5  740.000000  740.000000  \n",
       "6  123.058499  740.000000  \n",
       "7    0.000000  119.695520  \n",
       "8    0.000000    0.000000  "
      ]
     },
     "execution_count": 244,
     "metadata": {},
     "output_type": "execute_result"
    }
   ],
   "source": [
    "def get_neighb_matr(array,threshold,threshold_times):\n",
    "    array[np.where(array>threshold)] = threshold_times * threshold\n",
    "    return array\n",
    "\n",
    "HM_neighb_matr_trunc = get_neighb_matr(HM_dist_matr_trunc,threshold,threshold_times)\n",
    "pd.DataFrame(HM_neighb_matr_trunc)"
   ]
  },
  {
   "cell_type": "code",
   "execution_count": null,
   "metadata": {},
   "outputs": [],
   "source": []
  },
  {
   "cell_type": "code",
   "execution_count": 245,
   "metadata": {},
   "outputs": [],
   "source": [
    "def PCoA(matrix):\n",
    "    # https://lookmanolowo.web.illinois.edu/2024/03/13/principal-coordinate-analysis-hands-on/\n",
    "    \n",
    "    # square the matrix to emphasize the hidden structure within the dataset\n",
    "    D = matrix.copy()\n",
    "    D_2 = np.pow(D,2)\n",
    "\n",
    "    n = len(D)\n",
    "\n",
    "    # get centering matrix A\n",
    "    J = np.ones_like(D)\n",
    "    I = np.diag(np.diag(J))\n",
    "    A = I - (J / n)\n",
    "\n",
    "    # get W, which encodes the variance and structure of the original dataset as represented by the squared distances, after being adjusted by double-centering\n",
    "    W = -.5 * np.linalg.multi_dot([A, D_2, A.T])\n",
    "    \n",
    "    # find the eigenvalues\n",
    "    eigenvalues, eigenvectors = np.linalg.eigh(W)\n",
    "\n",
    "    return eigenvalues, eigenvectors"
   ]
  },
  {
   "cell_type": "code",
   "execution_count": 246,
   "metadata": {},
   "outputs": [],
   "source": [
    "a = np.array([\n",
    "[0, 4.551, 18.204, 8.306, 14.041],\n",
    "[4.551, 0, 12.714, 3.918, 12.551],\n",
    "[18.204, 12.714, 0, 8.633, 8.735],\n",
    "[8.306, 3.918, 8.633, 0, 7.490],\n",
    "[14.041, 12.551, 8.735, 7.490, 0]])\n",
    "\n",
    "eigenvalues, eigenvectors = PCoA(a)"
   ]
  },
  {
   "cell_type": "code",
   "execution_count": 250,
   "metadata": {},
   "outputs": [
    {
     "data": {
      "text/plain": [
       "array([  0.        ,   0.        ,   0.        ,  48.71634135,\n",
       "       200.93066193])"
      ]
     },
     "execution_count": 250,
     "metadata": {},
     "output_type": "execute_result"
    }
   ],
   "source": [
    "pos_eigenvectors = eigenvectors\n",
    "pos_eigenvectors[np.where(pos_eigenvectors<=0)] = 0\n",
    "pos_eigenvalues = eigenvalues\n",
    "pos_eigenvalues[np.where(pos_eigenvalues<=0)] = 0\n",
    "pos_eigenvalues"
   ]
  },
  {
   "cell_type": "code",
   "execution_count": null,
   "metadata": {},
   "outputs": [],
   "source": []
  }
 ],
 "metadata": {
  "kernelspec": {
   "display_name": "Python 3",
   "language": "python",
   "name": "python3"
  },
  "language_info": {
   "codemirror_mode": {
    "name": "ipython",
    "version": 3
   },
   "file_extension": ".py",
   "mimetype": "text/x-python",
   "name": "python",
   "nbconvert_exporter": "python",
   "pygments_lexer": "ipython3",
   "version": "3.13.0"
  }
 },
 "nbformat": 4,
 "nbformat_minor": 2
}
